[gd_scene load_steps=14 format=3 uid="uid://b3586j135yfbf"]

[ext_resource type="Script" path="res://src/Car.gd" id="1_uwfxo"]
[ext_resource type="Script" path="res://src/CameraPivot.gd" id="2_gm2jt"]
[ext_resource type="PackedScene" uid="uid://bx7hkevux64wu" path="res://scenes/dust_particles.tscn" id="2_vx4ad"]
[ext_resource type="PackedScene" uid="uid://bpn84vi24hyje" path="res://scenes/Wheel.tscn" id="3_4m2kf"]
[ext_resource type="PackedScene" uid="uid://u8myc7bt2m1t" path="res://models/cars/truckFlat.glb" id="4_40kqm"]
[ext_resource type="PackedScene" uid="uid://yj1ac53ymcho" path="res://scenes/tofu_box.tscn" id="6_jm0d0"]
[ext_resource type="PackedScene" uid="uid://clhlk046se2ui" path="res://scenes/Headlight.tscn" id="7_8gh1b"]
[ext_resource type="PackedScene" uid="uid://cknmrcua4fnxu" path="res://scenes/Taillight.tscn" id="8_nhpnl"]
[ext_resource type="PackedScene" uid="uid://by6nefytksqll" path="res://scenes/Stoplight.tscn" id="9_tskr5"]
[ext_resource type="AudioStream" uid="uid://c2g36o0uk7gml" path="res://sounds/engine.ogg" id="10_3bdda"]
[ext_resource type="AudioStream" uid="uid://cc02uaupmjayp" path="res://sounds/tires_squal_loop.wav" id="11_gmawt"]

[sub_resource type="PhysicsMaterial" id="PhysicsMaterial_yjs3a"]
bounce = 0.5

[sub_resource type="ConvexPolygonShape3D" id="ConvexPolygonShape3D_itm1b"]
points = PackedVector3Array(0.75, 0.599961, -0.750199, 0.75, 0.499932, -0.750199, 0.75, 0.599961, -0.850184, 0.449883, 1.1, 0.0499463, 0.599941, 0.599961, 1.44499, 0.649863, 0.199951, 1.345, 0.75, 0.499932, -0.850184, 0.649863, 0, 1.345, 0.649863, 0.199951, -1.10001, 0.620644, 0.199951, -1.17072, 0.549873, 0.399902, -1.15014, 0.449883, 1.1, -0.450243, -0.450029, 1.1, 0.0499463, 0.549873, 0.599961, 1.49511, 0.599941, 0.499932, 1.44499, 0.620644, 0.199951, 1.41571, 0.649863, 0, -1.10001, 0.620644, 0, 1.41571, 0.620644, 0, -1.17072, 0.549873, 0.199951, -1.2, -0.55002, 0.399902, -1.15014, -0.450029, 1.1, -0.450243, -0.600088, 0.599961, 1.44684, -0.551782, 0.599961, 1.49511, -0.75, 0.599961, -0.750199, 0.549873, 0.499932, 1.49511, 0.549873, 0, 1.44499, 0.549873, 0, -1.2, -0.55002, 0.199951, -1.2, -0.620791, 0.199951, -1.17072, -0.75, 0.599961, -0.850184, -0.65001, 0.199951, 1.345, -0.620791, 0.199951, 1.41571, -0.600088, 0.499932, 1.44684, -0.551782, 0.499932, 1.49511, -0.75, 0.499932, -0.750199, -0.55002, 0, 1.44499, -0.55002, 0, -1.2, -0.620791, 0, -1.17072, -0.65001, 0.199951, -1.10001, -0.75, 0.499932, -0.850184, -0.65001, 0, 1.345, -0.620791, 0, 1.41571, -0.65001, 0, -1.10001)

[node name="Car" type="VehicleBody3D" node_paths=PackedStringArray("engine_sound", "skid_sound")]
collision_mask = 2
mass = 1000.0
physics_material_override = SubResource("PhysicsMaterial_yjs3a")
continuous_cd = true
script = ExtResource("1_uwfxo")
engine_sound = NodePath("Engine")
skid_sound = NodePath("Skid")

[node name="CollisionShape3D" type="CollisionShape3D" parent="."]
transform = Transform3D(-2, 0, -3.01992e-07, 0, 2, 0, 3.01992e-07, 0, -2, 3.70113e-08, -0.172637, 0.245114)
shape = SubResource("ConvexPolygonShape3D_itm1b")

[node name="frw_dust" parent="." instance=ExtResource("2_vx4ad")]
transform = Transform3D(1, 0, 0, 0, 1, 0, 0, 0, 1, -1.31942, -0.582566, 1.51054)

[node name="flw_dust" parent="." instance=ExtResource("2_vx4ad")]
transform = Transform3D(1, 0, 0, 0, 1, 0, 0, 0, 1, 1.29679, -0.582566, 1.51054)

[node name="rrw_dust" parent="." instance=ExtResource("2_vx4ad")]
transform = Transform3D(1, 0, 0, 0, 1, 0, 0, 0, 1, -1.31942, -0.582566, -1.28404)

[node name="rlw_dust" parent="." instance=ExtResource("2_vx4ad")]
transform = Transform3D(1, 0, 0, 0, 1, 0, 0, 0, 1, 1.30213, -0.582566, -1.28404)

[node name="frw" parent="." node_paths=PackedStringArray("smoke") instance=ExtResource("3_4m2kf")]
transform = Transform3D(1, 0, 0, 0, 1, 0, 0, 0, 1, -1.32, -0.0743923, 1.526)
use_as_steering = true
wheel_friction_slip = 1.4
smoke = NodePath("../frw_dust")

[node name="flw" parent="." node_paths=PackedStringArray("smoke") instance=ExtResource("3_4m2kf")]
transform = Transform3D(1, 0, 0, 0, 1, 0, 0, 0, 1, 1.32, -0.0743923, 1.526)
use_as_steering = true
wheel_friction_slip = 1.4
smoke = NodePath("../flw_dust")

[node name="wheelTruck" parent="flw" index="0"]
transform = Transform3D(-2, 0, 0, 0, 2, 0, 0, 0, 2, 0, 0, 0)

[node name="rrw" parent="." node_paths=PackedStringArray("smoke") instance=ExtResource("3_4m2kf")]
transform = Transform3D(1, 0, 0, 0, 1, 0, 0, 0, 1, -1.32, -0.0743923, -1.252)
use_as_traction = true
wheel_friction_slip = 1.8
smoke = NodePath("../rrw_dust")

[node name="rlw" parent="." node_paths=PackedStringArray("smoke") instance=ExtResource("3_4m2kf")]
transform = Transform3D(1, 0, 0, 0, 1, 0, 0, 0, 1, 1.32, -0.0743923, -1.252)
use_as_traction = true
wheel_friction_slip = 1.8
smoke = NodePath("../rlw_dust")

[node name="wheelTruck" parent="rlw" index="0"]
transform = Transform3D(-2, 0, 0, 0, 2, 0, 0, 0, 2, 0, 0, 0)

[node name="CameraPivot" type="Node3D" parent="."]
script = ExtResource("2_gm2jt")

[node name="Camera" type="Camera3D" parent="CameraPivot"]
transform = Transform3D(-1, -2.84217e-14, -8.74228e-08, -4.62882e-08, 0.848325, 0.529475, 7.4163e-08, 0.529475, -0.848325, -2.25604e-07, 4.85091, -6.43922)

[node name="truckFlat" parent="." instance=ExtResource("4_40kqm")]
transform = Transform3D(-2, 0, -3.01992e-07, 0, 2, 0, 3.01992e-07, 0, -2, 0, -0.572637, 0)

[node name="wheel_backLeft" parent="truckFlat/truckFlat2" index="1"]
visible = false

[node name="wheel_backRight" parent="truckFlat/truckFlat2" index="2"]
visible = false

[node name="wheel_frontLeft" parent="truckFlat/truckFlat2" index="3"]
visible = false

[node name="wheel_frontRight" parent="truckFlat/truckFlat2" index="4"]
visible = false

[node name="TofuBox1" parent="." instance=ExtResource("6_jm0d0")]
transform = Transform3D(1, 0, 0, 0, 1, 0, 0, 0, 1, 0, 0.639547, -0.594241)

[node name="TofuBox2" parent="." instance=ExtResource("6_jm0d0")]
transform = Transform3D(1, 0, 0, 0, 1, 0, 0, 0, 1, 0, 0.64, -1.8)

[node name="Headlight" parent="." instance=ExtResource("7_8gh1b")]

[node name="Headlight2" parent="." instance=ExtResource("7_8gh1b")]
transform = Transform3D(-1, 1.81762e-08, -8.55124e-08, 0, 0.978148, 0.207912, 8.74228e-08, 0.207912, -0.978148, -0.71085, 0.56277, 2.59429)

[node name="Taillight" parent="." instance=ExtResource("8_nhpnl")]

[node name="Taillight2" parent="." instance=ExtResource("8_nhpnl")]
transform = Transform3D(-1, 1.81762e-08, -8.55124e-08, 1.76123e-16, 0.978148, 0.207912, 8.74228e-08, 0.207912, -0.978148, 0.859563, 0.716294, -2.73692)

[node name="Stoplight" parent="." instance=ExtResource("9_tskr5")]
transform = Transform3D(-1, 1.81762e-08, -8.55124e-08, 1.76123e-16, 0.978148, 0.207912, 8.74228e-08, 0.207912, -0.978148, -1.01578, 0.759396, -2.72418)

[node name="Stoplight2" parent="." instance=ExtResource("9_tskr5")]
transform = Transform3D(-1, 1.81762e-08, -8.55124e-08, 1.76123e-16, 0.978148, 0.207912, 8.74228e-08, 0.207912, -0.978148, 1.03006, 0.759396, -2.72418)

[node name="Engine" type="AudioStreamPlayer3D" parent="."]
transform = Transform3D(1, 0, 0, 0, 1, 0, 0, 0, 1, 0, 0.767449, 1.89567)
stream = ExtResource("10_3bdda")
autoplay = true

[node name="Skid" type="AudioStreamPlayer3D" parent="."]
transform = Transform3D(1, 0, 0, 0, 1, 0, 0, 0, 1, 0, 0.767449, 1.89567)
stream = ExtResource("11_gmawt")
volume_db = -15.0
pitch_scale = 0.9
emission_angle_enabled = true

[editable path="flw"]
[editable path="rlw"]
[editable path="truckFlat"]
